[cam_0]
name = "0"
size = [ 640, 480,]
matrix = [ [ 640.5982886425719, 0.0, 319.5,], [ 0.0, 640.5982886425719, 239.5,], [ 0.0, 0.0, 1.0,],]
distortions = [ -0.02776632920715844, 0.0, 0.0, 0.0, 0.0,]
rotation = [ -0.0037231385680063086, -0.0037765613803431683, 0.006506700560374146,]
translation = [ 2.5561555014151187, -3.1030801740353384, 31.22116171770903,]

[cam_1]
name = "1"
size = [ 640, 480,]
matrix = [ [ 646.2267816196319, 0.0, 319.5,], [ 0.0, 646.2267816196319, 239.5,], [ 0.0, 0.0, 1.0,],]
distortions = [ -0.036666174269337826, 0.0, 0.0, 0.0, 0.0,]
rotation = [ -0.15666137386560602, -0.2000709747777132, 0.0637815229996341,]
translation = [ 153.20370838370508, -7.87390510842178, -70.89649817930191,]

[cam_2]
name = "2"
size = [ 640, 480,]
matrix = [ [ 631.4446693360169, 0.0, 319.5,], [ 0.0, 631.4446693360169, 239.5,], [ 0.0, 0.0, 1.0,],]
distortions = [ -0.01821048286657889, 0.0, 0.0, 0.0, 0.0,]
rotation = [ -0.22969298834932173, -0.5566758295682643, 0.022359843224064216,]
translation = [ 282.35435544232695, -33.698394398222284, 111.01327903363979,]

[cam_3]
name = "3"
size = [ 640, 480,]
matrix = [ [ 646.2500946517814, 0.0, 319.5,], [ 0.0, 646.2500946517814, 239.5,], [ 0.0, 0.0, 1.0,],]
distortions = [ -0.04805729061832855, 0.0, 0.0, 0.0, 0.0,]
rotation = [ -0.050373913981853646, -0.7903420044587247, -0.07814411594048573,]
translation = [ 456.2360042650652, -30.265321524634725, 209.17759853108788,]

[metadata]
